ID,Destination,Notes,Country Code,Country No,Type of data (a),1990,Male_1990,Female_1990,1995,Male_1995,Female_1995,2000,Male_2000,Female_2000,2005,Male_2005,Female_2005,2010,Male_2010,Female_2010,2015,Male_2015,Female_2015
9,Burundi,,BDI,108,B R,333110,163267,169843,254853,124165,130688,125628,61094,64534,172874,84805,88069,235259,115823,119436,286810,141311,145499
10,Comoros,,COM,174,B,14079,6717,7362,13939,6614,7325,13799,6511,7288,13209,6286,6923,12618,6060,6558,12555,6071,6484
11,Djibouti,,DJI,262,B R,122221,64242,57979,99774,52476,47298,100507,52920,47587,92091,51315,40776,101575,53295,48280,112351,59081,53270
12,Eritrea,,ERI,232,I,11848,6228,5620,12400,6542,5858,12952,6856,6096,14314,7729,6585,15676,8603,7073,15941,8833,7108
13,Ethiopia,,ETH,231,B R,1155390,607284,548106,806904,424117,382787,611384,322219,289165,514242,269725,244517,567720,297534,270186,1072949,547062,525887
14,Kenya,,KEN,404,B R,297292,160852,136440,618745,322189,296556,699139,348594,350545,756894,391310,365584,926959,459343,467616,1084357,541644,542713
15,Madagascar,,MDG,450,C,23917,13348,10569,21177,11901,9276,23541,13276,10265,26058,14744,11314,28905,16410,12495,32075,18270,13805
16,Malawi,,MWI,454,B R,1127724,546520,581204,241624,116198,125426,232620,111530,121090,221661,105931,115730,217722,103869,113853,215158,102544,112614
17,Mauritius,-1,MUS,480,C,3613,1763,1850,7493,3228,4265,15543,5705,9838,19647,8943,10704,24836,13188,11648,28585,15832,12753
18,Mayotte,,MYT,175,B,15229,8780,6449,26316,14679,11637,45474,23546,21928,63176,31364,31812,72757,34500,38257,76992,35623,41369
19,Mozambique,,MOZ,508,B R,122332,66060,56272,168256,91210,77046,195702,103175,92527,204830,102500,102330,214612,104676,109936,222928,107955,114973
20,Réunion,,REU,638,B,57210,30724,26486,77159,40710,36449,100678,52264,48414,115076,59196,55880,123029,62707,60322,127209,64537,62672
21,Rwanda,,RWA,646,B R,159869,80690,79179,233200,117931,115269,347076,175685,171391,432797,217027,215770,436787,218425,218362,441525,220017,221508
22,Seychelles,,SYC,690,B,3721,2204,1517,5148,3021,2127,6574,3837,2737,8997,5820,3177,11420,7804,3616,12791,8954,3837
23,Somalia,,SOM,706,I R,478294,244201,234093,19527,10282,9245,20087,10622,9465,20670,11047,9623,23995,12914,11081,25291,13760,11531
24,South Sudan,,SSD,728,B R,0,0,0,0,0,0,0,0,0,0,0,0,257905,132693,125212,824122,420949,403173
25,Uganda,,UGA,800,B R,558307,290084,268223,634620,321360,313260,634703,314325,320378,652968,322421,330547,529160,261646,267514,749471,374438,375033
26,United Republic of Tanzania,-2,TZA,834,B R,574025,283390,290635,1106043,547089,558954,928180,470962,457218,770846,486774,284072,308600,153984,154616,261222,130404,130818
27,Zambia,,ZMB,894,B R,279029,142807,136222,244338,125329,119009,321167,163620,157547,252749,128553,124196,149637,75775,73862,127915,64512,63403
28,Zimbabwe,,ZWE,716,B R,626821,352028,274793,431226,246012,185214,410041,233843,176198,392693,223970,168723,397891,226967,170924,398866,227379,171487
30,Angola,,AGO,24,B R,33517,18142,15375,39813,20755,19058,46108,23367,22741,61329,30240,31089,76549,37113,39436,106845,51461,55384
31,Cameroon,,CMR,120,B,265344,145527,119817,246864,135079,111785,228383,124630,103753,258737,142397,116340,289091,160164,128927,381984,186605,195379
32,Central African Republic,,CAF,140,C,67234,35686,31548,99712,52975,46737,123529,65636,57893,94449,50236,44213,93466,49743,43723,81598,43163,38435
33,Chad,,TCD,148,B R,74342,40133,34209,89584,48298,41286,104825,56463,48362,352062,159715,192347,416924,186773,230151,516968,238140,278828
34,Congo,,COG,178,B,129597,64418,65179,191635,95822,95813,305002,152666,152336,315238,171420,143818,419649,228180,191469,392996,215274,177722
35,Democratic Republic of the Congo,,COD,180,B R,754194,363117,391077,1816963,901379,915584,744387,365092,379295,622869,302290,320579,588950,284244,304706,545694,264445,281249
36,Equatorial Guinea,,GNQ,226,C,2740,1465,1275,3629,1930,1699,4517,2394,2123,6588,3564,3024,8658,4734,3924,10825,5980,4845
37,Gabon,,GAB,266,C,127980,73053,54927,152972,87305,65667,195571,111616,83955,214123,122279,91844,243992,139458,104534,268384,153144,115240
38,Sao Tome and Principe,,STP,678,C,5582,2953,2629,4936,2548,2388,4365,2212,2153,3433,1727,1706,2700,1352,1348,2394,1197,1197
40,Algeria,,DZA,12,C R,273954,150234,123720,262032,143696,118336,250110,137158,112952,247537,135748,111789,244964,134339,110625,242391,132930,109461
41,Egypt,,EGY,818,B R,173708,91928,81780,166955,88545,78410,173452,92205,81247,274001,158277,115724,295714,166071,129643,491643,265054,226589
42,Libya,,LBY,434,C,457075,242707,214368,508041,300906,207135,567436,368950,198486,625212,445597,179615,683998,489737,194261,771146,549153,221993
43,Morocco,,MAR,504,C,54895,29024,25871,50360,26264,24096,53034,27233,25801,54379,27543,26836,70909,35738,35171,88511,44390,44121
44,Sudan,-3,SDN,729,B R,1402896,696385,706511,1053396,525701,527695,801883,403048,398835,541994,275915,266079,578363,294782,283581,503477,254530,248947
45,Tunisia,,TUN,788,C,37984,18900,19084,37867,19045,18822,36446,18523,17923,35040,18000,17040,43172,22236,20936,56701,29351,27350
46,Western Sahara,,ESH,732,I,2688,1465,1223,2989,1651,1338,3289,1837,1452,3891,2224,1667,4493,2612,1881,5179,3059,2120
48,Botswana,,BWA,72,C,27510,16614,10896,40168,23517,16651,57064,32891,24173,88829,49695,39134,120912,66692,54220,160644,87873,72771
49,Lesotho,,LSO,426,C R,8240,4318,3922,7204,3827,3377,6167,3335,2832,6290,3402,2888,6414,3469,2945,6572,3558,3014
50,Namibia,,NAM,516,B,120641,63748,56893,115372,61310,54062,134403,72509,61894,106274,57034,49240,102405,55054,47351,93888,50687,43201
51,South Africa,,ZAF,710,B R,1163883,717227,446656,1003807,611083,392724,1001825,600032,401793,1210936,712219,498717,1943099,1135886,807213,3142511,1882276,1260235
52,Swaziland,,SWZ,748,B R,72085,38992,33093,25031,14457,10574,22855,13047,9808,27097,14721,12376,30476,15856,14620,31579,16348,15231
54,Benin,,BEN,204,C B R,76212,40092,36120,104971,55858,49113,133730,71624,62106,171499,93882,77617,209267,116139,93128,245399,137662,107737
55,Burkina Faso,,BFA,854,B R,349657,167836,181821,434848,209117,225731,520039,250399,269640,596972,285542,311430,673904,320684,353220,704676,335328,369348
56,Cabo Verde,,CPV,132,B,8931,4429,4502,9979,5091,4888,11027,5753,5274,12700,6523,6177,14373,7293,7080,14924,7547,7377
57,Côte d'Ivoire,,CIV,384,C B,1816426,1011749,804677,2076394,1150710,925684,1994135,1104600,889535,2010824,1113590,897234,2095185,1160366,934819,2175399,1204616,970783
58,Gambia,,GMB,270,B,118123,66306,51817,150890,82048,68842,182514,97138,85376,181905,96230,85675,185763,98086,87677,192540,101501,91039
59,Ghana,,GHA,288,B,164851,83030,81821,252879,127423,125456,191601,97279,94322,304436,159363,145073,337017,181558,155459,399471,217444,182027
60,Guinea,,GIN,324,C R,403621,201260,202361,774505,386537,387968,560075,279108,280967,229611,111738,117873,205111,100953,104158,228413,112583,115830
61,Guinea-Bissau,,GNB,624,B R,15368,7689,7679,27961,13833,14128,20450,10155,10295,20736,10298,10438,21061,10307,10754,22333,10826,11507
62,Liberia,,LBR,430,B,94964,53924,41040,208563,111647,96916,151868,82129,69739,87188,51183,36005,99129,56885,42244,113779,64879,48900
63,Mali,,MLI,466,B R,160736,82049,78687,176187,90871,85316,189475,97752,91723,256797,132244,124553,336607,172879,163728,363145,186111,177034
64,Mauritania,,MRT,478,C R,111650,57569,54081,89562,47015,42547,57366,31163,26203,58119,32588,25531,84679,48605,36074,138162,80230,57932
65,Niger,,NER,562,B R,115464,55222,60242,145999,69751,76248,122260,58192,64068,124461,59170,65291,126464,60033,66431,189255,89731,99524
66,Nigeria,,NGA,566,C R,456621,256166,200455,462999,258091,204908,487882,270211,217671,648019,357751,290268,920118,506367,413751,1199115,657887,541228
67,Saint Helena,-4,SHN,654,B,383,222,161,394,218,176,405,215,190,487,263,224,569,312,257,604,335,269
68,Senegal,,SEN,686,B R,270410,138840,131570,287654,147165,140489,231901,121492,110409,238298,124854,113444,256092,135879,120213,263242,139689,123553
69,Sierra Leone,,SLE,694,B R,222242,123053,99189,105374,59683,45691,98241,54639,43602,149615,79638,69977,97452,53239,44213,91213,49962,41251
70,Togo,,TGO,768,C R,84844,42903,41941,101583,50727,50856,137891,69081,68810,203379,102877,100502,255262,129280,125982,276844,139298,137546
73,Kazakhstan,,KAZ,398,B,3619200,1666164,1953036,3245250,1494009,1751241,2871300,1321855,1549445,3102962,1473441,1629521,3334623,1625026,1709597,3546778,1758182,1788596
74,Kyrgyzstan,,KGZ,417,B,623083,260416,362667,510296,213277,297019,389558,162815,226743,312897,129544,183353,231511,94348,137163,204382,82616,121766
75,Tajikistan,,TJK,762,B,428900,188128,240772,348347,151957,196390,299266,131420,167846,280444,121381,159063,278152,120124,158028,275059,118597,156462
76,Turkmenistan,,TKM,795,B,306500,134174,172326,273565,118851,154714,218498,94168,124330,213051,94406,118645,197979,90600,107379,196386,91523,104863
77,Uzbekistan,,UZB,860,B,1653000,723618,929382,1512577,657490,855087,1405250,605625,799625,1329345,589437,739908,1220149,558379,661770,1170899,545734,625165
79,China,-5,CHN,156,C,376361,191954,184407,442198,223018,219180,508034,254082,253952,678947,379920,299027,849861,505758,344103,978046,600136,377910
80,"China, Hong Kong Special Administrative Region",-6,HKG,344,B,2218473,1124544,1093929,2443798,1175087,1268711,2669122,1225629,1443493,2721235,1185121,1536114,2779950,1147539,1632411,2838665,1119957,1718708
81,"China, Macao Special Administrative Region",-7,MAC,446,B,205047,96379,108668,224929,103660,121269,240791,109391,131400,279308,130387,148921,318506,146407,172099,342703,155692,187011
82,Democratic People's Republic of Korea,,PRK,408,I,34103,17393,16710,35143,17562,17581,36183,17731,18452,40097,19749,20348,44010,21766,22244,48458,24110,24348
83,Japan,,JPN,392,C,1075626,547986,527640,1381097,672482,708615,1686567,796977,889590,2012916,924544,1088372,2134151,959860,1174291,2043877,919259,1124618
84,Mongolia,,MNG,496,C,6718,3419,3299,7424,3959,3465,8206,4564,3642,11475,7576,3899,16061,11880,4181,17620,12857,4763
85,Republic of Korea,,KOR,410,C,43017,24211,18806,123886,70758,53128,244178,143181,100997,485546,284034,201512,919275,525031,394244,1327324,744777,582547
87,Brunei Darussalam,,BRN,96,B,73200,41856,31344,84748,47832,36916,96296,53807,42489,98441,55265,43176,100587,56723,43864,102733,58181,44552
88,Cambodia,,KHM,116,B,38375,19084,19291,92230,45361,46869,146085,71638,74447,114031,57511,56520,81977,43385,38592,73963,39854,34109
89,Indonesia,,IDN,360,B R,465612,229885,235727,378960,191600,187360,292307,153315,138992,289568,165493,124075,305416,174864,130552,328846,189800,139046
90,Lao People's Democratic Republic,,LAO,418,C R,22866,11806,11060,23526,12199,11327,21948,11564,10384,20371,10930,9441,21185,11367,9818,22244,11936,10308
91,Malaysia,-8,MYS,458,C R,695920,405808,290112,937368,534964,402404,1277223,712912,564311,1722344,995607,726737,2406011,1437206,968805,2514243,1529630,984613
92,Myanmar,,MMR,104,C,133545,72310,61235,113663,61489,52174,98011,52150,45861,83025,44506,38519,76414,41574,34840,73308,40177,33131
93,Philippines,,PHL,608,C R,154071,81347,72724,207345,107524,99821,318095,161904,156191,257468,133023,124445,208599,107933,100666,211862,109783,102079
94,Singapore,,SGP,702,B,727262,345842,381420,991492,456411,535081,1351691,601671,750020,1710594,758762,951832,2164794,956856,1207938,2543638,1122986,1420652
95,Thailand,,THA,764,B R,528693,283486,245207,809720,426290,383430,1257821,647728,610093,2163447,1086166,1077281,3224131,1624755,1599376,3913258,1967491,1945767
96,Timor-Leste,,TLS,626,B,8954,4450,4504,9743,4763,4980,10602,5095,5507,11286,5582,5704,10983,6441,4542,10834,6383,4451
97,Viet Nam,,VNM,704,C R,28118,15230,12888,51262,28187,23075,56754,32825,23929,51768,31106,20662,61756,35971,25785,72793,42168,30625
99,Afghanistan,,AFG,4,B,57686,32558,25128,71522,39105,32417,75917,42848,33069,87300,49274,38026,102246,57709,44537,382365,193445,188920
100,Bangladesh,,BGD,50,B R,881617,759452,122165,934735,805196,129539,987853,850941,136912,1166700,1007698,159002,1345546,1164455,181091,1422805,1233206,189599
101,Bhutan,,BTN,64,B,23807,19409,4398,27972,22804,5168,32137,26200,5937,40279,32742,7537,48420,39283,9137,51106,41441,9665
102,India,,IND,356,B R,7493204,3914396,3578808,6952238,3608978,3343260,6411272,3303560,3107712,5923642,3045693,2877949,5436012,2787826,2648186,5240960,2684680,2556280
103,Iran (Islamic Republic of),,IRN,364,B R,4291601,2456700,1834901,2937668,1705972,1231696,2803805,1662264,1141541,2568930,1410319,1158611,2761561,1571723,1189838,2726420,1445236,1281184
104,Maldives,,MDV,462,C R,8689,4777,3912,18510,9243,9267,27092,14907,12185,45045,27079,17966,73604,47995,25609,94086,66140,27946
105,Nepal,,NPL,524,B R,429974,125966,304008,690225,217088,473137,717900,241959,475941,679457,235203,444254,578657,189518,389139,518278,160851,357427
106,Pakistan,,PAK,586,B R,6208204,3264380,2943824,3669308,1951223,1718085,4181912,2249960,1931952,3171132,1708514,1462618,3941586,2074443,1867143,3628956,1854136,1774820
107,Sri Lanka,,LKA,144,B R,41561,23423,18138,40841,22689,18152,40132,21971,18161,39526,21318,18208,38959,20694,18265,38706,20245,18461
109,Armenia,,ARM,51,B R,658789,270535,388254,693999,284995,409004,657900,270170,387730,469119,191401,277718,221560,90345,131215,191199,77436,113763
110,Azerbaijan,-9,AZE,31,B R,360600,157856,202744,344070,149509,194561,327540,141161,186379,302220,135336,166884,276901,129512,147389,264241,126600,137641
111,Bahrain,,BHR,48,C,173212,122730,50482,205979,144227,61752,239361,165344,74017,404018,288614,115404,657856,475905,181951,704137,508966,195171
112,Cyprus,-10,CYP,196,B,43805,20463,23342,61941,27604,34337,80076,34745,45331,117165,50421,66744,187923,82284,105639,196167,86980,109187
113,Georgia,-11,GEO,268,B,338300,148094,190206,278450,121152,157298,218600,94211,124389,199805,86123,113682,182202,78548,103654,168802,72861,95941
114,Iraq,,IRQ,368,C R,83638,55751,27887,199460,114821,84639,210525,120464,90061,132915,80883,52032,117389,72965,44424,353881,207133,146748
115,Israel,,ISR,376,B R,1632704,770777,861927,1792185,830330,961855,1851309,853712,997597,1889503,867805,1021698,1950615,890352,1060263,2011727,912899,1098828
116,Jordan,,JOR,400,C R,1146349,586473,559876,1537097,784725,752372,1927845,982977,944868,2325414,1183645,1141769,2722983,1384313,1338670,3112026,1567177,1544849
117,Kuwait,,KWT,414,C R,1074391,654878,419513,921954,591452,330502,1127640,761512,366128,1333327,918580,414747,1871537,1309814,561723,2866136,1888220,977916
118,Lebanon,,LBN,422,B R,523693,267922,255771,608303,310613,297690,692913,353305,339608,756784,390331,366453,820655,427358,393297,1997776,959973,1037803
119,Oman,,OMN,512,C,304000,242477,61523,539643,417444,122199,623608,488389,135219,666160,527842,138318,816221,658746,157475,1844978,1495360,349618
120,Qatar,,QAT,634,C,309753,225932,83821,361673,269972,91701,359697,274242,85455,646026,498428,147598,1456413,1206571,249842,1687640,1416361,271279
121,Saudi Arabia,,SAU,682,C R,4998445,3324873,1673572,5122702,3416485,1706217,5263387,3517768,1745619,6501819,4469805,2032014,8429956,5933281,2496675,10185945,6938598,3247347
122,State of Palestine,-12,PSE,275,B,288332,132101,156231,281767,128328,153439,275202,124555,150647,266617,119621,146996,258032,114688,143344,255507,113237,142270
123,Syrian Arab Republic,,SYR,760,C R,714140,364077,350063,830610,423115,407495,832273,426633,405640,876410,449470,426940,1661922,848834,813088,875189,447528,427661
124,Turkey,,TUR,792,B R,1163686,577329,586357,1216173,593938,622235,1280963,616007,664956,1319236,618938,700298,1367034,625960,741074,2964916,1514468,1450448
125,United Arab Emirates,,ARE,784,C R,1306574,932046,374528,1824118,1309952,514166,2446675,1757144,689531,3281036,2388278,892758,7316611,5463515,1853096,8095126,6044983,2050143
126,Yemen,,YEM,887,C R,118863,67010,51853,136515,77832,58683,143495,79675,63820,171073,98379,72694,285837,154710,131127,344131,180427,163704
129,Belarus,,BLR,112,B,1248977,572021,676956,1186282,543307,642975,1123586,514593,608993,1106982,506988,599994,1090378,499384,590994,1082905,495961,586944
130,Bulgaria,,BGR,100,B,21510,9047,12463,32435,13642,18793,43360,18238,25122,61074,26594,34480,76287,33841,42446,102113,47442,54671
131,Czech Republic,,CZE,203,C,110394,57405,52989,165592,88316,77276,220789,119227,101562,322540,181719,140821,397785,235936,161849,405093,231897,173196
132,Hungary,,HUN,348,B R,347510,156185,191325,322234,147202,175032,296957,138219,158738,366787,174216,192571,436616,210212,226404,449632,220913,228719
133,Poland,,POL,616,B,1127771,482176,645595,964725,404049,560676,825251,338323,486928,722509,297039,425470,642417,262263,380154,619403,257311,362092
134,Republic of Moldova,-13,MDA,498,B,544162,239616,304546,367231,161706,205525,247828,109129,138699,173957,76600,97357,157668,60541,97127,142904,50545,92359
135,Romania,,ROU,642,B,135825,57601,78224,135037,63282,71755,126949,60428,66521,145162,66264,78898,155982,77499,78483,226943,119364,107579
136,Russian Federation,,RUS,643,B,11524948,5655422,5869526,11928927,5925452,6003475,11900297,5982851,5917446,11667588,5806597,5860991,11194710,5514401,5680309,11643276,5715211,5928065
137,Slovakia,,SVK,703,B,41295,18187,23108,69323,30531,38792,116376,51253,65123,130491,58716,71775,146319,66938,79381,177190,83714,93476
138,Ukraine,,UKR,804,B,6892920,2953603,3939317,6172338,2644845,3527493,5527087,2368364,3158723,5050302,2168060,2882242,4818767,2072474,2746293,4834898,2083230,2751668
141,Denmark,,DNK,208,B,235189,114411,120778,303108,147194,155914,371026,179977,191049,440383,213097,227286,509740,246217,263523,572520,277099,295421
142,Estonia,,EST,233,B,381997,171691,210306,315755,136268,179487,249512,100844,148668,233701,94244,139457,217890,87644,130246,202348,81237,121111
143,Faeroe Islands,,FRO,234,B,4285,2440,1845,2900,1575,1325,3593,1921,1672,4583,2450,2133,5096,2700,2396,5517,2795,2722
144,Finland,-15,FIN,246,B,63255,31682,31573,99729,49575,50154,136203,67469,68734,192169,96429,95740,248135,125389,122746,315881,160650,155231
145,Iceland,,ISL,352,B,9584,4248,5336,12738,5727,7011,15892,7207,8685,25492,12413,13079,35091,17619,17472,37522,18156,19366
146,Ireland,,IRL,372,B,227961,112093,115868,226892,108084,118808,350552,172959,177593,589046,309910,279136,730542,360440,370102,746260,363521,382739
147,Isle of Man,,IMN,833,B,34769,16371,18398,36886,17548,19338,39002,18725,20277,41475,20214,21261,43447,21361,22086,45221,22393,22828
148,Latvia,,LVA,428,B,646007,290800,355207,538093,234216,303877,430178,177632,252546,376725,154745,221980,313786,124675,189111,263126,102673,160453
149,Lithuania,,LTU,440,B,349258,164585,184673,273587,128641,144946,214311,100546,113765,201209,94189,107020,160772,69606,91166,136036,57203,78833
150,Norway,-16,NOR,578,B,192587,99562,93025,233302,117222,116080,292440,144826,147614,361144,176444,184700,526799,268505,258294,741813,387098,354715
151,Sweden,,SWE,752,B,788767,383085,405682,936022,450945,485077,1003798,480211,523587,1125790,538490,587300,1384929,673083,711846,1639771,810259,829512
152,United Kingdom of Great Britain and Northern Ireland,,GBR,826,B,3650286,1756448,1893838,4155293,1978711,2176582,4730165,2228628,2501537,5926156,2818177,3107979,7604583,3667186,3937397,8543120,4060192,4482928
154,Albania,,ALB,8,B,66013,30579,35434,71354,33284,38070,76695,35990,40705,64739,32993,31746,52784,26901,25883,57616,29363,28253
155,Andorra,,AND,20,C,38904,20810,18094,40525,21451,19074,42146,22092,20054,50298,26559,23739,52053,27486,24567,42082,22221,19861
156,Bosnia and Herzegovina,,BIH,70,I R,56000,26538,29462,69476,33115,36361,82952,39691,43261,47272,22473,24799,38792,18504,20288,34803,16599,18204
157,Croatia,,HRV,191,B R,475438,222531,252907,674085,315733,358352,585298,274823,310475,579273,271645,307628,573248,268466,304782,576883,269287,307596
158,Gibraltar,,GIB,292,B,8709,4528,4181,8381,4196,4185,8054,3865,4189,9211,4518,4693,10369,5171,5198,11065,5591,5474
159,Greece,,GRC,300,B,618139,330038,288101,857850,445004,412846,1111665,559794,551871,1190707,587677,603030,1269749,615560,654189,1242514,575927,666587
160,Holy See,-17,VAT,336,I,770,376,394,779,378,401,787,379,408,793,378,415,799,377,422,800,374,426
161,Italy,,ITA,380,B,1428219,642414,785805,1774954,809553,965401,2121688,976691,1144997,3954790,1820290,2134500,5787893,2663889,3124004,5788875,2608451,3180424
162,Malta,,MLT,470,B,15077,7012,8065,17740,8366,9374,21521,10289,11232,24560,11899,12661,33084,16777,16307,41442,21969,19473
163,Montenegro,,MNE,499,B,,,,,,,,,,,,,78507,31636,46871,82541,33547,48994
164,Portugal,,PRT,620,B,435782,209922,225860,532822,259337,273485,651472,320319,331153,771184,376774,394410,762825,371536,391289,837257,389537,447720
165,San Marino,,SMR,674,B,3310,1728,1582,3659,1940,1719,4045,2175,1870,4218,2302,1916,4399,2435,1964,4717,2577,2140
166,Serbia,-18,SRB,688,B,99269,46712,52557,630221,289545,340676,856763,383893,472870,845120,373473,471647,826066,364654,461412,807441,355180,452261
167,Slovenia,,SVN,705,B,178077,89514,88563,174419,90255,84164,171018,90464,80554,197276,107131,90145,253786,141285,112501,235966,134491,101475
168,Spain,-19,ESP,724,B,821605,390448,431157,1020067,499114,520953,1657285,838058,819227,4107226,2140680,1966546,6280065,3238238,3041827,5852953,2855179,2997774
169,The former Yugoslav Republic of Macedonia,,MKD,807,B,95142,39661,55481,109343,45581,63762,125665,52385,73280,127667,53220,74447,129701,54067,75634,130730,54496,76234
171,Austria,,AUT,40,B,793239,368287,424952,894893,423302,471591,996547,478318,518229,1136270,543618,592652,1275992,608918,667074,1492374,716470,775904
172,Belgium,,BEL,56,C,891537,480445,411092,885278,468072,417206,853369,443696,409673,870862,445710,425152,1052844,534608,518236,1387940,715142,672798
173,France,,FRA,250,B,5897267,2999376,2897891,6087993,3046083,3041910,6278718,3092789,3185929,6737600,3300859,3436741,7196481,3508928,3687553,7784418,3782619,4001799
174,Germany,,DEU,276,B,5936181,3293128,2643053,7464406,3898397,3566009,8992631,4503666,4488965,10299160,5011682,5287478,11605690,5519698,6085992,12005690,5709939,6295751
175,Liechtenstein,,LIE,438,B,10906,5956,4950,13311,7068,6243,15483,7980,7503,18898,9434,9464,22342,10867,11475,23493,11428,12065
176,Luxembourg,,LUX,442,B,113795,56062,57733,126106,62292,63814,139750,69286,70464,150618,74951,75667,163142,81420,81722,249325,126180,123145
177,Monaco,,MCO,492,B,20359,9471,10888,21060,9955,11105,21787,10458,11329,21312,10322,10990,21132,10325,10807,21042,10326,10716
178,Netherlands,,NLD,528,B,1182263,592343,589920,1346164,668236,677928,1556337,765302,791035,1736127,843444,892683,1832510,881264,951246,1979486,942478,1037008
179,Switzerland,,CHE,756,B,1392282,701110,691172,1478829,769043,709786,1570756,841855,728901,1805437,922387,883050,2075182,937911,1137271,2438702,1195043,1243659
182,Anguilla,,AIA,660,B,2570,1258,1312,3317,1584,1733,4063,1910,2153,4684,2210,2474,5103,2415,2688,5470,2593,2877
183,Antigua and Barbuda,,ATG,28,B,12029,5775,6254,17550,8046,9504,23071,10316,12755,24741,11052,13689,26412,11788,14624,28083,12524,15559
184,Aruba,,ABW,533,B,14444,6429,8015,22274,9974,12300,30104,13519,16585,32540,14559,17981,34327,15311,19016,36114,16108,20006
185,Bahamas,,BHS,44,B,26855,13827,13028,31654,16620,15034,36454,19414,17040,45595,23646,21949,54736,27878,26858,59306,29994,29312
186,Barbados,,BRB,52,B,24024,10065,13959,26224,11235,14989,28424,12405,16019,30624,13575,17049,32825,14746,18079,34475,15488,18987
187,"Bonaire, Sint Eustatius and Saba",-20,BES,535,B,38410,17257,21153,42258,18830,23428,46105,20402,25703,49105,21730,27375,11445,5530,5915,13002,6292,6710
188,British Virgin Islands,,VGB,92,B,8035,4126,3909,10046,5034,5012,12058,5942,6116,13808,6805,7003,15558,7667,7891,17308,8530,8778
189,Cayman Islands,,CYM,136,C,9387,4622,4765,14320,7166,7154,19253,9709,9544,21655,11011,10644,24057,12312,11745,23726,12143,11583
190,Cuba,,CUB,192,B,34555,17278,17277,26187,12559,13628,17818,7840,9978,17023,7540,9483,14818,6611,8207,13336,5950,7386
191,Curaçao,,CUW,531,B,,,,,,,,,,,,,34627,14195,20432,37611,15467,22144
192,Dominica,,DMA,212,B,2519,1309,1210,3121,1623,1498,3723,1955,1768,4744,2491,2253,5765,3027,2738,6720,3528,3192
193,Dominican Republic,,DOM,214,B,291151,181677,109474,323381,198842,124539,355611,216008,139603,376001,228180,147821,393720,238742,154978,415564,251890,163674
194,Grenada,,GRD,308,B,4263,2106,2157,5544,2746,2798,6825,3386,3439,6902,3424,3478,6980,3463,3517,7057,3502,3555
195,Guadeloupe,-21,GLP,312,B,65944,32718,33226,74566,36248,38318,83188,39778,43410,89065,41273,47792,94942,42768,52174,98507,43858,54649
196,Haiti,,HTI,332,B,19084,10606,8478,22458,12635,9823,25832,14664,11168,30468,17413,13055,35104,20162,14942,39529,22774,16755
197,Jamaica,,JAM,388,B,20475,9981,10494,22713,11242,11471,24952,12503,12449,24314,12263,12051,23677,12024,11653,23167,11766,11401
198,Martinique,,MTQ,474,B,38705,19091,19614,46599,22271,24328,54492,25451,29041,57034,25891,31143,59575,26330,33245,61731,26989,34742
199,Montserrat,,MSR,500,B,2013,1029,984,1612,825,787,1211,622,589,1244,639,605,1277,657,620,1351,696,655
200,Puerto Rico,,PRI,630,B,321909,153354,168555,338067,160739,177328,355038,168480,186558,352144,166780,185364,304969,142939,162030,274972,128261,146711
201,Saint Kitts and Nevis,,KNA,659,B,3210,1642,1568,4248,2196,2052,5871,3068,2803,6682,3501,3181,7245,3806,3439,7443,3916,3527
202,Saint Lucia,,LCA,662,B,5305,2616,2689,7152,3560,3592,9868,4950,4918,11468,5783,5685,12100,6106,5994,12771,6446,6325
203,Saint Vincent and the Grenadines,,VCT,670,B,3970,1928,2042,4135,2011,2124,4307,2099,2208,4395,2144,2251,4485,2190,2295,4577,2237,2340
204,Sint Maarten (Dutch part),,SXM,534,B,0,0,0,0,0,0,0,0,0,13100,6285,6815,26200,12570,13630,27295,13077,14218
205,Trinidad and Tobago,,TTO,780,B,50666,23528,27138,45994,21303,24691,41753,19288,22465,44812,20647,24165,48226,23152,25074,49883,24326,25557
206,Turks and Caicos Islands,,TCA,796,B,5062,2620,2442,7039,3643,3396,9015,4665,4350,9945,5146,4799,10875,5627,5248,11688,6047,5641
207,United States Virgin Islands,,VIR,850,B,51970,24824,27146,54241,25760,28481,56611,26730,29881,56647,26726,29921,56684,26722,29962,56721,26728,29993
209,Belize,,BLZ,84,B R,30404,16393,14011,33446,17512,15934,36488,18631,17857,41424,21045,20379,46360,23459,22901,53860,27092,26768
210,Costa Rica,,CRI,188,B R,417628,212173,205455,364287,184485,179802,310946,156798,154148,358175,176335,181840,405404,195873,209531,421697,202613,219084
211,El Salvador,,SLV,222,B R,47360,22218,25142,39537,18564,20973,31713,14909,16804,36019,17029,18990,40324,19148,21176,42045,19996,22049
212,Guatemala,,GTM,320,B R,264257,112615,151642,156188,66913,89275,48119,21211,26908,57252,26064,31188,66384,30917,35467,76352,36136,40216
213,Honduras,,HND,340,B R,270423,137573,132850,149442,76077,73365,28461,14581,13880,27875,14444,13431,27288,14306,12982,28070,14826,13244
214,Mexico,,MEX,484,B R,695674,348353,347321,458549,229589,228960,538051,270896,267155,712487,359642,352845,969538,490691,478847,1193155,604669,588486
215,Nicaragua,,NIC,558,B R,41421,20860,20561,26619,13364,13255,30389,15423,14966,34918,17773,17145,37333,19128,18205,40262,20723,19539
216,Panama,,PAN,591,B,62744,33148,29596,70848,36740,34108,83410,42437,40973,117563,59812,57751,157309,80931,76378,184710,94841,89869
218,Argentina,,ARG,32,B,1649919,788130,861789,1595069,753027,842042,1540219,717924,822295,1673088,774810,898278,1805957,831696,974261,2086302,960310,1125992
219,Bolivia (Plurinational State of),,BOL,68,B,73758,37549,36209,83598,42806,40792,92658,47665,44993,107745,56019,51726,122846,64380,58466,142989,74939,68050
220,Brazil,,BRA,76,B,798517,426147,372370,741557,396152,345405,684596,366156,318440,638582,343019,295563,592568,319882,272686,713568,385201,328367
221,Chile,,CHL,152,B,107501,54547,52954,142417,69632,72785,177332,84717,92615,273384,129398,143986,369436,174079,195357,469436,221200,248236
222,Colombia,,COL,170,B,104277,53109,51168,106943,54666,52277,109609,56223,53386,107612,55706,51906,124271,65622,58649,133134,70912,62222
223,Ecuador,,ECU,218,B R,78663,38531,40132,115093,57879,57214,151523,77227,74296,187404,96188,91216,325366,167773,157593,387513,200352,187161
224,Falkland Islands (Malvinas),,FLK,238,B,855,488,367,868,510,358,1067,636,431,1166,675,491,1436,807,629,1571,873,698
225,French Guiana,,GUF,254,B,63612,34843,28769,70131,36869,33262,76649,38895,37754,86468,42729,43739,96288,46564,49724,106108,50399,55709
226,Guyana,,GUY,328,B,4095,2200,1895,6352,3405,2947,8610,4611,3999,10868,5817,5051,13126,7023,6103,15384,8229,7155
227,Paraguay,,PRY,600,B,195884,102816,93068,186570,97869,88701,176608,92052,84556,168243,87698,80545,160299,83394,76905,156462,81303,75159
228,Peru,,PER,604,B,65025,32538,32487,56732,28061,28671,66293,32955,33338,77541,38746,38795,84066,42204,41862,90881,45805,45076
229,Suriname,,SUR,740,C,18031,9731,8300,22270,12057,10213,27506,14892,12614,33664,18339,15325,39713,21659,18054,46836,25569,21267
230,Uruguay,,URY,858,B,98116,45830,52286,93428,43427,50001,88871,41093,47778,82318,37658,44660,76263,34507,41756,71799,32475,39324
231,Venezuela (Bolivarian Republic of),,VEN,862,B,1025009,517579,507430,1019996,513473,506523,1013663,508639,505024,1070562,535096,535466,1331488,667963,663525,1404448,703458,700990
233,Bermuda,,BMU,60,B,15683,7557,8126,16676,8044,8632,17668,8531,9137,18276,8866,9410,18884,9202,9682,19126,9336,9790
234,Canada,,CAN,124,B,4333318,2109652,2223666,4864778,2356105,2508673,5511914,2659135,2852779,6078985,2915838,3163147,7011226,3356211,3655015,7835502,3748267,4087235
235,Greenland,,GRL,304,B,9416,6565,2851,7320,5011,2309,6755,4723,2032,6686,4549,2137,6226,4210,2016,6009,3951,2058
236,Saint Pierre and Miquelon,,SPM,666,B,1099,560,539,1320,682,638,1458,756,702,1147,597,550,1017,531,486,986,516,470
237,United States of America,,USA,840,B,23251026,11372985,11878041,28451053,14032159,14418894,34814053,17310785,17503268,39258293,19614878,19643415,44183643,21694169,22489474,46627102,22824307,23802795
240,Australia,-22,AUS,36,B,3955213,2013196,1942017,4153330,2093280,2060050,4386250,2189900,2196350,4878030,2419190,2458840,5882980,2922030,2960950,6763663,3337580,3426083
241,New Zealand,,NZL,554,B,518047,258223,259824,588617,289230,299387,678813,329927,348886,839952,407690,432262,947443,459047,488396,1039736,502787,536949
243,Fiji,,FJI,242,B,13283,6847,6436,13001,6726,6275,12719,6601,6118,12435,6564,5871,13351,7137,6214,13751,7421,6330
244,New Caledonia,,NCL,540,B,37673,20885,16788,43662,23908,19754,49651,26932,22719,55405,29909,25496,61158,32886,28272,64290,34621,29669
245,Papua New Guinea,,PNG,598,C R,32720,18793,13927,33526,19832,13694,25101,15624,9477,29967,18942,11025,25424,16370,9054,25782,16738,9044
246,Solomon Islands,,SLB,90,B,4226,2349,1877,4178,2328,1850,3981,2224,1757,3271,1830,1441,2760,1546,1214,2585,1450,1135
247,Vanuatu,,VUT,548,B,2308,1269,1039,2461,1295,1166,2626,1320,1306,2800,1398,1402,2991,1487,1504,3187,1583,1604
249,Guam,,GUM,316,B,69755,39364,30391,71912,38822,33090,74070,38280,35790,74743,38602,36141,75416,38924,36492,76089,39246,36843
250,Kiribati,,KIR,296,B,2162,1107,1055,2223,1139,1084,2283,1188,1095,2487,1312,1175,2868,1512,1356,3153,1662,1491
251,Marshall Islands,,MHL,584,B,1158,721,437,1480,916,564,1891,1164,727,2417,1485,932,3089,1895,1194,3284,2011,1273
252,Micronesia (Federated States of),,FSM,583,B,3685,2099,1586,3342,2119,1223,3116,1721,1395,2905,1565,1340,2805,1502,1303,2756,1473,1283
253,Nauru,,NRU,520,C,2815,1506,1309,2605,1395,1210,2394,1283,1111,2253,1208,1045,2112,1133,979,3178,1907,1271
254,Northern Mariana Islands,,MNP,580,B,26593,14261,12332,32376,15847,16529,40122,17387,22735,37542,15977,21565,24168,10223,13945,21648,9100,12548
255,Palau,,PLW,585,B,2801,1800,1001,4749,2808,1941,6310,3905,2405,6043,3620,2423,5787,3346,2441,5664,3214,2450
257,American Samoa,,ASM,16,B,21283,11175,10108,23098,12037,11061,24912,12898,12014,24233,12498,11735,23555,12098,11457,23216,11898,11318
258,Cook Islands,,COK,184,B,2587,1443,1144,2686,1497,1189,2785,1552,1233,3277,1724,1553,3769,1895,1874,4152,2078,2074
259,French Polynesia,,PYF,258,B,25830,15444,10386,28360,16689,11671,30329,17604,12725,32286,18405,13881,31640,18037,13603,30058,17136,12922
260,Niue,,NIU,570,B,461,245,216,480,257,223,498,268,230,522,282,240,545,295,250,557,302,255
261,Samoa,,WSM,882,B,3357,1771,1586,4694,2451,2243,5998,3101,2897,5746,2940,2806,5122,2594,2528,4929,2469,2460
262,Tokelau,,TKL,772,B,270,150,120,266,147,119,262,144,118,258,133,125,429,206,223,487,233,254
263,Tonga,,TON,776,B,2911,1488,1423,3274,1718,1556,3684,1981,1703,4301,2328,1973,5022,2727,2295,5731,3127,2604
264,Tuvalu,,TUV,798,C,318,180,138,263,148,115,217,121,96,183,101,82,154,85,69,141,78,63
265,Wallis and Futuna Islands,,WLF,876,B,1402,726,676,1680,859,821,2015,1018,997,2365,1194,1171,2776,1401,1375,2849,1438,1411
,Total,,,,,152501552,77718505,74783047,160741233,81709009,79032224,172639008,87854605,84784403,191198159,97833063,93365096,221636662,114576732,107059930,243617929,126076097,117541832